---
coil:
- length: 154.5
  sideA:
    radius: 29.9
    angle: 0
  sideB:
    radius: 29.9
    angle: 45.0
- sideB:
    radius: 57.75
    angle: 56.5037757479
- sideB:
    radius: 59.5
    angle: 63.7058422775
- sideB:
    radius: 60.6
    angle: -86.0
wire:
  diameter: 0.230
  diameterWidthCorrection: 0.043
  diameterHeightCorrection: -0.0068
  length: 30050000
firstLayerSpeed: 300
speed: 600
turnYDistance: 10
